7,60,-93,87,115,-51,20,-25
-49,1,96,98,65,29,102,-38
69,42,-63,41,42,127,116,48
54,11,-13,72,96,-74,96,72
-7,107,77,-57,-20,43,85,115
-36,-84,-67,-88,54,86,30,105
-61,-81,33,119,105,56,44,114
-109,59,1,-53,50,-38,-127,62
-52,-73,53,68,90,122,42,-90
-52,-64,-44,-11,86,-103,-26,83
#
-41,20,48,-28,-69,2,-57,-56
-81,91,46,74,5,4,90,45
-93,-51,-68,103,73,57,-90,-4
-104,-88,3,9,-104,-41,-106,25
74,-68,15,27,91,-68,25,22
-87,-84,32,-122,10,-50,-31,-80
98,-7,53,-100,73,41,105,-105
111,-70,83,103,79,-35,-121,33
-116,-72,108,-46,-7,-16,51,16
92,-127,-93,-3,52,-18,56,-126
#
-12,15,61,83,-98,0,-86,99
-90,-53,44,29,48,-76,94,45
-84,115,34,-52,-57,36,113,-44
4,-56,63,-8,-98,-77,-47,-66
-106,40,-98,-23,27,-113,-13,-110
75,-88,-49,42,13,127,-83,-70
22,39,85,78,-44,25,31,-20
-92,77,87,10,13,125,123,56
54,-24,33,-121,-80,-90,-6,-4
119,75,10,100,27,-27,-127,79
#
81,-118,111,-38,29,-70,-78,-3
111,-93,-98,-10,66,19,68,-28
-77,116,13,7,43,-67,-47,-17
45,-81,124,-3,72,30,40,21
-35,43,-104,-83,120,8,39,-94
-109,-44,-57,-71,30,126,-4,-112
114,63,7,108,102,47,-55,106
116,-26,126,-62,122,-71,84,64
-124,51,61,-63,98,-66,-44,58
-39,112,-46,-29,84,-31,-117,-4
#
-108,-125,30,101,30,127,-32,0
-65,47,-109,95,32,120,118,-65
32,-39,-100,113,-55,-98,-54,104
13,-95,-49,79,-34,81,1,-10
-118,56,24,-101,30,16,58,45
-116,26,-70,22,48,52,120,-19
53,-37,45,-46,-35,-79,106,25
-82,-120,93,-5,-89,-110,89,93
-11,-39,-7,-65,80,91,81,125
65,-4,-23,-126,-48,110,70,-113
#
10,18,-40,-9,3,-24,62,30
-23,-119,116,80,14,-100,7,59
115,103,105,47,7,73,-106,16
-111,-21,118,59,-51,-17,17,-107
-33,48,-32,-19,29,-33,86,-79
20,106,-69,-122,14,-42,70,-42
-100,66,62,112,-77,11,115,48
27,-77,33,-20,-90,71,62,35
66,122,32,-10,-10,-115,-97,-38
111,-86,49,-13,84,-61,52,67
#
-13,-92,116,-15,-10,-38,83,24
17,70,-3,-117,2,31,-19,17
-37,107,101,-79,33,49,107,-64
20,-14,-91,68,-111,-90,-65,-98
81,-15,30,-51,-62,-50,101,-114
69,45,-24,-112,88,64,-122,21
97,127,9,-33,45,-20,-22,-26
69,22,105,-8,69,-95,-12,92
16,-5,80,109,114,-48,122,-118
5,91,-75,-107,93,45,89,122
#
-82,91,-105,14,14,-20,126,97
-51,-87,62,-44,-100,82,-6,-113
-104,75,-51,-10,108,122,10,-77
-96,-33,124,53,1,15,122,-13
74,-72,-47,-121,-76,117,50,15
35,71,-105,-126,-121,-58,-84,120
-86,-60,-77,92,124,-125,-112,-126
-85,-122,-70,80,-60,-44,-72,74
78,3,62,-4,43,109,78,-102
-42,34,-96,100,-122,66,-92,-69
